0 0.908950 0.482038 0.010020 0.002865
0 0.908710 0.488420 0.010500 0.002740
0 0.910300 0.494563 0.013360 0.003105
0 0.907040 0.501175 0.012240 0.003250
0 0.905450 0.509890 0.013833 0.003460
0 0.904657 0.519430 0.016380 0.003940
0 0.902903 0.528912 0.016700 0.004535
0 0.902350 0.538810 0.018127 0.004770
0 0.892487 0.635125 0.023533 0.009900
0 0.882230 0.661483 0.026873 0.011565
0 0.205723 0.483707 0.010793 0.003675
0 0.259037 0.473818 0.009460 0.002925
0 0.219137 0.453742 0.007793 0.002335
0 0.200603 0.456665 0.008353 0.002170
0 0.180067 0.459500 0.009347 0.002670
0 0.159367 0.462633 0.010240 0.002085
0 0.195093 0.440007 0.005347 0.002085
0 0.179400 0.442270 0.007573 0.001740
0 0.161703 0.444308 0.006900 0.002005
0 0.143783 0.446465 0.007793 0.002030
0 0.164877 0.431702 0.006127 0.002005
0 0.119077 0.436335 0.005793 0.001920
0 0.137273 0.434580 0.005680 0.001760
0 0.150573 0.433290 0.006680 0.001500
0 0.124770 0.448705 0.006873 0.001970
0 0.186997 0.523880 0.015020 0.005360
0 0.166470 0.509595 0.011007 0.003540
0 0.146643 0.498915 0.012927 0.003930
0 0.132320 0.489353 0.008733 0.002885
