0 0.221450 0.668822 0.018673 0.009755
0 0.255640 0.681205 0.021013 0.011010
0 0.300500 0.696465 0.022013 0.012010
0 0.352037 0.719105 0.025020 0.014760
0 0.426587 0.750250 0.028013 0.017010
0 0.492517 0.900020 0.041820 0.034300
0 0.651133 0.719883 0.028093 0.016135
0 0.738687 0.619470 0.022200 0.008690
0 0.785027 0.565890 0.022200 0.006520
0 0.812783 0.531135 0.017860 0.005790
0 0.837400 0.504345 0.015933 0.003620
0 0.856293 0.483405 0.013307 0.003520
0 0.869073 0.469125 0.013307 0.002750
0 0.879903 0.455327 0.009913 0.002545
0 0.866727 0.424120 0.006520 0.002350
0 0.882640 0.411305 0.004960 0.002150
0 0.896597 0.435175 0.011473 0.002540
