0 0.159853 0.436063 0.010640 0.003415
0 0.993900 0.710682 0.012200 0.018895
0 0.925037 0.650683 0.040660 0.020225
0 0.866693 0.599132 0.031827 0.013925
0 0.820947 0.565817 0.023427 0.011605
0 0.301257 0.387918 0.004953 0.001805
0 0.295970 0.390150 0.004153 0.001660
0 0.289813 0.392510 0.005627 0.001660
0 0.283853 0.394920 0.006160 0.001760
0 0.278030 0.397330 0.008300 0.002160
0 0.269463 0.400083 0.005620 0.001635
0 0.262470 0.402877 0.007300 0.002105
0 0.254100 0.405740 0.007293 0.002010
0 0.245030 0.408950 0.008433 0.002000
0 0.234657 0.412065 0.007367 0.001910
0 0.224550 0.415455 0.007633 0.002360
0 0.213503 0.418820 0.008300 0.002260
0 0.202760 0.422608 0.009707 0.002615
0 0.189673 0.426423 0.009107 0.002915
0 0.174780 0.431165 0.009573 0.002460
0 0.141243 0.441735 0.012780 0.003820
0 0.122567 0.447985 0.012253 0.003970
0 0.100747 0.455342 0.013587 0.003715
0 0.077050 0.463700 0.015193 0.005170
0 0.050507 0.472610 0.016600 0.004820
0 0.018380 0.482625 0.016333 0.005570
0 0.040887 0.420332 0.007573 0.002435
0 0.021873 0.424117 0.009547 0.002435
