0 0.298087 0.608058 0.025333 0.012175
0 0.286930 0.561648 0.020100 0.008505
0 0.281863 0.545215 0.020007 0.007890
0 0.276790 0.530773 0.019167 0.007055
0 0.273203 0.517755 0.015727 0.006290
0 0.269947 0.507038 0.017400 0.005515
0 0.268460 0.495592 0.014987 0.004395
0 0.265250 0.487077 0.012660 0.004395
0 0.264273 0.478740 0.012560 0.003770
0 0.262503 0.471550 0.010513 0.002930
0 0.260830 0.464535 0.009580 0.002860
0 0.258830 0.459510 0.010047 0.002860
0 0.257247 0.454207 0.011720 0.002585
0 0.255573 0.449358 0.010240 0.002515
0 0.254407 0.444993 0.008280 0.002025
0 0.253387 0.441053 0.008653 0.001955
0 0.252127 0.437563 0.008373 0.001815
0 0.252220 0.433688 0.008560 0.002025
0 0.251433 0.430232 0.008467 0.001955
0 0.091547 0.427587 0.008560 0.001815
0 0.095773 0.424868 0.008360 0.001965
0 0.367067 0.889528 0.048893 0.046615
0 0.342427 0.795480 0.039587 0.031620
0 0.325897 0.727193 0.035033 0.023605
0 0.313427 0.676570 0.029093 0.018260
0 0.305907 0.638938 0.027120 0.014845
0 0.293040 0.582152 0.021573 0.010245
0 0.008863 0.478915 0.012993 0.003400
0 0.018480 0.472683 0.015707 0.003025
0 0.029960 0.466375 0.011680 0.002490
0 0.037917 0.461125 0.010273 0.002420
0 0.045923 0.456480 0.011380 0.002490
0 0.053377 0.451835 0.010167 0.002570
0 0.059217 0.448285 0.007153 0.001360
0 0.071253 0.440655 0.009067 0.001810
0 0.075633 0.437370 0.008160 0.002040
0 0.081073 0.433860 0.008360 0.001360
0 0.086663 0.430685 0.008260 0.001660
