0 0.418543 0.696290 0.019540 0.007030
0 0.388573 0.717283 0.021387 0.007425
0 0.362297 0.737287 0.022447 0.008815
0 0.327700 0.761250 0.023240 0.010200
0 0.291443 0.788460 0.024460 0.010540
0 0.244603 0.822030 0.027580 0.013660
0 0.191773 0.860283 0.031227 0.015225
0 0.010320 0.757487 0.020640 0.008075
0 0.053577 0.739598 0.021113 0.007125
0 0.229127 0.606735 0.010600 0.003850
0 0.092527 0.722497 0.018787 0.006175
0 0.217400 0.667950 0.014360 0.004750
0 0.241890 0.657420 0.014780 0.004590
0 0.265853 0.646655 0.012453 0.004590
0 0.183623 0.574398 0.005647 0.001575
0 0.195507 0.571198 0.007093 0.002265
0 0.196183 0.589185 0.008087 0.002170
0 0.211280 0.584067 0.005920 0.002085
0 0.154240 0.632925 0.010400 0.002500
0 0.173927 0.626285 0.010733 0.003450
0 0.195127 0.619160 0.011000 0.003100
0 0.213093 0.613060 0.011333 0.003600
0 0.289180 0.636522 0.012240 0.004275
0 0.310500 0.627180 0.012667 0.003960
0 0.329080 0.619108 0.011400 0.004285
0 0.245760 0.600910 0.008800 0.002700
0 0.440660 0.680145 0.017293 0.007230
